2,牛奶,1,1,每箱24瓶,19,17,40
24,汽水,10,1,每箱12瓶,4.5,20,0
35,芭樂汁,16,1,每箱24瓶,18,20,0
34,啤酒,16,1,每箱24瓶,14,111,0
39,運動飲料,18,1,每箱24瓶,18,69,0
75,濃縮咖啡,12,1,每箱24瓶,7.75,125,0
76,檸檬汁,23,1,每箱24瓶,18,57,0
67,礦泉水,16,1,每箱24瓶,14,52,0
1,蘋果汁,1,1,每箱24瓶,18,39,0
70,蘇打水,7,1,每箱24瓶,15,15,10
77,辣椒粉,12,2,每袋3公斤,13,32,0
3,蕃茄醬,1,2,每箱12瓶,10,13,70
15,味素,6,2,每箱30盒,15.5,39,0
66,肉鬆,2,2,每箱24瓶,17,4,100
44,蠔油,20,2,每箱24瓶,19.45,27,0
19,糖果,8,3,每箱30盒,9.2,25,0
48,玉米片,22,3,每箱24包,12.75,15,70
50,玉米餅,23,3,每箱24包,16.25,65,0
25,巧克力,11,3,每箱30盒,14,76,0
21,花生,8,3,每箱30包,10,3,40
47,蛋糕,22,3,每箱24個,9.5,36,0
68,綠豆糕,8,3,每箱24包,12.5,6,10
16,餅乾,7,3,每箱30盒,17.45,29,0
31,溫馨起司,14,4,每箱12瓶,12.5,0,70
33,台中起司,15,4,每箱12瓶,2.5,112,0
52,三合一麥片,24,5,每箱24包,7,38,0
57,小米,26,5,每袋3公斤,19.5,36,0
23,燕麥,9,5,每袋3公斤,9,61,0
42,糙米,20,5,每袋3公斤,14,26,0
54,雞肉,25,6,每袋3公斤,7.45,21,0
74,雞湯塊,4,7,每盒24個,10,4,20
45,雪魚,21,8,每袋3公斤,9.5,5,70
46,蚵,21,8,每袋3公斤,12,95,0
58,花枝,27,8,每袋3公斤,13.25,62,0
73,海哲皮,17,8,每袋3公斤,15,101,0
36,魷魚,17,8,每袋3公斤,19,112,0
41,蝦子,19,8,每袋3公斤,9.65,85,0
40,蝦米,19,8,每袋3公斤,18.4,123,0
13,龍蝦,6,8,每袋500克,6,24,0
